#!/bin/sh

exec tail -n +3 $0
submenu "Tunes Test" {
    menuentry "Close Encounters/5 Tone" {
        background_color "#FF9933"
        echo "Close Encounters/5 Tone"
        sleep 1
        play 480 900 2 1000 2 800 2 400 2 600 3
        background_color "#000000"
    }

    menuentry "Fur Elise (note long)" {
        background_color "#FF9900"
        echo "Fur Elise (note long)"
        sleep 1
        play 480 420 1 400 1 420 1 400 1 420 1 315 1 370 1 335 1 282 3 180 1 215 1 282 1 315 3 213 1 262 1 315 1 335 3 213 1 420 1 400 1 420 1 400 1 420 1 315 1 370 1 335 1 282 3 180 1 215 1 282 1 315 3 213 1 330 1 315 1 282 3
        background_color "#000000"
    }

    menuentry "Totentanz (DIES IRAE)" {
        background_color "#FF66FF"
        echo "Totentanz"
        sleep 1
        play 312 262 3 247 3 262 3 220 3 247 3 196 3 220 3 220 3 262 3 262 3 294 3 262 3 247 3 220 3 196 3 247 3 262 3 247 5 220 1 220 5
        background_color "#000000"
    }

    menuentry "Oldskool Batman tune" {
        background_color "#FF66CC"
        echo "Oldskool Batman tune"
        sleep 1
        play 380 120 1 140 1 160 1 200 8 190 4
        background_color "#000000"
    }

    menuentry "Legend of Zelda tune" {
        background_color "#FF6699"
        echo "Legend of Zelda tune"
        sleep 1
        play 12000 440 100 0 1 329 150 440 50 0 1 440 25 493 25 523 25 587 25 659 200
        background_color "#000000"
    }

    menuentry "Super Mario" {
        background_color "#FF6666"
        echo "Super Mario"
        sleep 1
        play 500 334 1 334 1 0 1 334 1 0 1 261 1 334 1 0 1 392 2 0 4 196 2
        background_color "#000000"
    }

    menuentry "Super Mario Alternate" {
        background_color "#FF6633"
        echo "Super Mario Alternate"
        sleep 1
        play 480 165 2 165 2 165 3 554 1 587 1 554 2 370 1 554 1 523 2 349 1 523 1 494 3 165 2 165 2 165 2
        background_color "#000000"
    }

    menuentry "Mario Mushroom" {
        background_color "#FF6600"
        echo "Mario Mushroom"
        sleep 1
        play 1750 523 1 392 1 523 1 659 1 784 1 1047 1 784 1 415 1 523 1 622 1 831 1 622 1 831 1 1046 1 1244 1 1661 1 1244 1 466 1 587 1 698 1 932 1 1175 1 1397 1 1865 1 1397 1
        background_color "#000000"
    }

    menuentry "Star Wars Imperial Death March" {
        background_color "#FF33FF"
        echo "Star Wars Imperial Death March"
        sleep 1
        play 480 440 4 440 4 440 4 349 3 523 1 440 4 349 3 523 1 440 8 659 4 659 4 659 4 698 3 523 1 415 4 349 3 523 1 440 8
        background_color "#000000"
    }

    menuentry "My Little Pony" {
        background_color "#FF33CC"
        echo "My Little Pony"
        sleep 1
        play 2400 587 18 554 4 587 8 659 12 587 16 0 10 587 4 659 4 740 8 587 4 784 12 740 8 659 8 587 4 740 20 587 40
        background_color "#000000"
    }

    menuentry "Wolfenstein 3D" {
        background_color "#FF3399"
        echo "Wolfenstein 3D"
        sleep 1
        play 300 131 1 196 1 196 1 196 1 294 1 196 1 294 1 196 1 131 1
        background_color "#000000"
    }

    menuentry "Mall (Nothing Special)" {
        background_color "#FF3366"
        echo "Mall (Nothing Special)"
        sleep 1
        play 180 440 1 554 1 659 1
        background_color "#000000"
    }

    menuentry "Final Countdown" {
        background_color "#FF3333"
        echo "Final Countdown"
        sleep 1
        play 480 554 1 494 1 554 4 370 6 10 3 587 1 554 1 587 2 554 2 494 6 10 3 587 1 554 1 587 4 370 4 415 6 494 1 440 1 494 2 440 2 415 2 494 2 440 6 415 1 440 1 494 6 440 1 494 1 554 2 494 2 440 2 415 2 370 4 587 4 554 8 10 1 554 1 587 1 554 1 494 1 554 8 10 2
        background_color "#000000"
    }

    menuentry "Xie-Jelei's Tune" {
        background_color "#FF3300"
        echo "Xie-Jelei's Tune"
        sleep 1
        play 2000 400 4 0 1 500 4 0 1 600 4 0 1 800 6
        background_color "#000000"
    }

    menuentry "Random tune" {
        background_color "#FF00FF"
        echo "Random tune"
        sleep 1
        play 480 220 1 277 1 330 1 440 1 185 1 220 1 277 1 370 1 294 1 370 1 440 1 587 1 330 1 415 1 494 1 659 1
        background_color "#000000"
    }

    menuentry "Fleetwood Mac: The Chain Bass Riff (about 5 seconds)" {
        background_color "#FF00CC"
        echo "Fleetwood Mac: The Chain Bass Riff (about 5 seconds)"
        sleep 1
        play 304 55 5 0 1 55 1 62 1 65 2 62 1 55 1 49 1 55 1 62 2 41 8
        background_color "#000000"
    }

    menuentry "Fleetwood Mac: The Chain Bass Riff Extended Version (WARNING, 25 SECONDS)" {
        background_color "#FF0099"
        echo "Fleetwood Mac: The Chain Bass Riff Extended Version (WARNING, 25 SECONDS)"
        sleep 1
        play 9120 55 150 0 30 55 30 62 30 65 60 62 30 55 30 49 30 55 30 62 60 41 360 0 120 55 150 0 30 55 30 62 30 65 60 62 30 55 30 49 30 55 30 62 60 41 360 0 60 41 12 42 3 43 3 44 3 45 3 46 6 47 3 48 3 49 6 50 3 51 3 52 6 53 3 54 3 55 150 0 30 55 30 62 30 65 60 62 30 55 30 49 30 55 30 62 60 41 240 82 20 0 10 82 26 0 4 82 26 0 4 82 26 0 4 82 56 0 4 82 60 55 150 0 30 55 30 62 30 65 60 62 30 55 30 49 30 55 30 62 60 41 360 0 120
        background_color "#000000"
    }

    menuentry "Himno del FC Barcelona" {
        background_color "#0000fa"
        echo "Himno del FC Barcelona"
        sleep 1
        play 300 329 6 392 3 523 3 100 1 100 1 100 2 100 4 329 6 392 3 523 3 100 1 100 1 100 2 100 4 329 4 392 1 523 2 587 2 523 1 494 7
        background_color "#000000"
    }

    menuentry "Sonic Green Hill" {
        background_color "#00d000"
        echo "Sonic Green Hill"
        sleep 1
        play 600 880 1 698 1 880 1 698 1 988 1 784 1 988 1 784 1 1046 1 880 1 1046 1 880 1 1175 1 988 1 1175 1 988 1 659 6 587 6 659 6 587 6 659 4 587 4 698 6 659 6 587 19 0 1 587 6 659 6 698 4 587 6 659 6 698 3 0 1 698 6 659 26 0 8 1046 2 880 4 1046 2 988 4 1046 2 988 4 783 11 0 1 880 2 1318 2 1174 4 1046 2 987 4 1046 2 987 4 784 13 0 1
        background_color "#000000"
    }

    menuentry "Himno de Riego" {
        background_color "#ff00ff"
        echo "Himno de Riego"
        sleep 1
        play 1000 329 3 523 6 523 3 523 2 493 2 440 2 440 9 392 6 329 3 587 6 587 3 587 2 523 2 493 2 659 6 493 3 440 6
        background_color "#000000"
    }

    menuentry "Himno de la Españita" {
        background_color "#ff0000"
        echo "Himno de la Españita"
        sleep 1
        play 464 523 4 392 4 659 4 523 2 783 2 698 2 659 2 587 2 523 1 0 1 523 1 0 1 493 2 440 2 392 2 523 4 587 4 659 5 0 1 784 2 698 2 659 2 587 2 523 2 784 6 0 2 784 4 659 3 784 1 698 4 587 3 698 1 659 4 523 3 659 1 587 2 392 2 440 2 493 2 523 4 587 4 659 3 698 1 783 2 698 2 659 4 587 4 523 6
        background_color "#000000"
    }

    menuentry "TOTO - AFRICA" {
        background_color "#654321"
        echo "TOTO - AFRICA"
        sleep 1
        play 728 277 5 0 1 277 2 0 2 277 2 0 2 277 1 0 1 277 2 0 2 247 2 0 2 329 2 740 2 659 2 554 2 659 2 740 2 659 2 554 2 659 2 740 2 659 2 554 2 494 2 554 2 494 2 554 2 740 2 659 2
        background_color "#000000"
    }

    menuentry "DIDO - WHITE FLAG" {
    	background_color "#fafafa"
	echo "DIDO - WHITE FLAG"
	sleep 1
	play 40320 698 210 0 30 587 330 0 150 698 176 0 64 587 198 0 42 523 270 0 210 587 210 0 30 698 180 0 60 587 201 0 279 698 201 0 39 587 207 0 33 523 300 0 180 440 210 0 30 523 217 0 23 587 90 0 30 659 300 0 2700 523 180 0 60 587 208 0 32 698 211 0 29 587 300 0 180 698 191 0 49 587 221 0 19 523 240 0 240 587 206 0 34 698 222 0 18 587 311 0 169 698 173 0 67 587 202 0 38 523 225 0 495 523 166 0 74 587 116 0 4 659 187 0 53 698 185 0 55 698 316 0 44 659 420 0 1500 587 180 0 60 659 210 0 30 587 205 0 35 659 270 0 210 659 206 0 274 659 207 0 33 587 217 0 23 659 210 0 30 784 360 0 120 698 222 0 18 659 196 0 44 659 450 0 30 587 207 0 33 523 197 0 43 440 90 0 30 523 331 0 29 587 90 0 30 587 207 0 33 523 223 0 17 587 360 0 2760 587 77 0 43 698 203 0 37 698 156 0 84 698 175 0 65 698 312 0 48 784 195 0 45 880 395 0 205 698 395 0 685 698 90 0 30 784 98 0 22 880 167 0 73 932 337 0 23 880 211 0 29 784 198 0 42 698 306 0 414 523 267 0 93 523 66 0 54 523 222 0 18 587 701 0 259 880 180 0 60 880 187 0 53 784 210 0 30 698 283 0 197 698 217 0 263 698 178 0 62 698 90 0 30 784 210 0 30 880 325 0 275 698 480 0 720 587 90 0 30 698 212 0 28 784 526 0 434 587 60 0 60 587 187 0 53 698 330 0 630 784 420 0 60 587 460 0 740 698 210 0 30 587 330 0 150 698 176 0 64 587 198 0 42 523 270 0 210 587 210 0 30 698 180 0 60 587 201 0 279 698 201 0 39 587 207 0 33 523 180 0 60 523 180 0 60 440 210 0 30 523 217 0 23 587 90 0 30 659 480 0 2400 523 90 0 30 523 180 0 60 587 208 0 32 698 211 0 29 587 300 0 180 698 191 0 49 587 221 0 19 523 240 0 240 587 206 0 34 698 222 0 18 587 311 0 169 698 173 0 67 587 202 0 38 523 225 0 255 440 166 0 74 523 166 0 74 587 116 0 4 659 187 0 53 698 90 0 30 698 420 0 60 659 420 0 2460 659 206 0 34 659 206 0 34 659 206 0 34 659 207 0 33 587 217 0 23 659 210 0 30 784 360 0 120 698 222 0 18 659 196 0 44 659 450 0 30 587 207 0 33 523 197 0 43 440 150 0 90 523 180 0 60 587 90 0 30 587 207 0 33 523 300 0 60 587 330 0 30 587 300 0 2340 587 77 0 43 698 203 0 37 698 156 0 84 698 175 0 65 698 312 0 48 784 195 0 45 880 395 0 205 698 395 0 685 698 90 0 30 784 98 0 22 880 167 0 73 932 337 0 23 880 211 0 29 784 198 0 42 698 306 0 414 523 267 0 93 523 66 0 54 523 222 0 18 587 701 0 259 880 180 0 60 880 187 0 53 784 210 0 30 698 283 0 197 698 217 0 263 698 178 0 62 698 90 0 30 784 210 0 30 880 325 0 275 698 480 0 720 587 90 0 30 698 212 0 28 784 526 0 434 587 60 0 60 587 187 0 53 698 330 0 630 784 420 0 60 587 460 0 20 880 203 0 37 880 222 0 18 784 215 0 25 698 397 0 803 698 90 0 30 698 90 0 30 659 203 0 37 523 215 0 25 440 335 0 865 880 210 0 30 880 225 0 15 784 180 0 60 698 227 0 13 784 390 0 570 698 200 0 40 659 222 0 18 523 412 0 68 440 690 0 270 880 206 0 34 880 216 0 24 784 223 0 17 698 226 0 14 784 330 0 630 698 226 0 14 659 207 0 33 698 462 0 18 784 437 0 43 784 206 0 274 880 215 0 25 880 213 0 27 784 210 0 30 698 221 0 19 784 297 0 663 880 90 0 30 880 330 0 30 784 107 0 13 698 108 0 12 784 213 0 27 1047 690 0 30 880 450 0 30 784 360 0 240 880 90 0 30 880 203 0 37 880 156 0 84 880 175 0 65 880 312 0 48 784 195 0 45 698 395 0 205 698 395 0 685 698 90 0 30 784 98 0 22 880 167 0 73 932 337 0 23 880 211 0 29 784 198 0 42 698 306 0 414 523 267 0 93 523 66 0 54 523 222 0 18 587 701 0 259 880 180 0 60 880 187 0 53 784 210 0 30 698 283 0 197 698 217 0 263 698 178 0 62 698 90 0 30 784 210 0 30 880 325 0 275 698 480 0 720 587 90 0 30 698 212 0 28 784 526 0 434 587 60 0 60 587 187 0 53 698 330 0 630 784 420 0 60 587 460 0 980 880 203 0 37 880 156 0 84 880 175 0 65 880 312 0 48 784 195 0 45 698 395 0 205 698 395 0 685 698 90 0 30 784 98 0 22 880 167 0 73 932 337 0 23 880 211 0 29 784 198 0 42 698 306 0 414 523 267 0 93 523 66 0 54 523 222 0 18 587 701 0 259 880 180 0 60 880 187 0 53 784 210 0 30 698 283 0 197 698 217 0 263 698 178 0 62 698 90 0 30 784 210 0 30 880 325 0 275 698 480 0 720 587 90 0 30 698 212 0 28 784 526 0 434 587 60 0 60 587 187 0 53 698 330 0 630 784 420 0 60 587 460 0 980 880 203 0 37 880 156 0 84 880 175 0 65 880 312 0 48 784 195 0 45 698 395 0 205 698 395 0 685 698 90 0 30 784 98 0 22 880 167 0 73 932 337 0 23 880 211 0 29 784 198 0 42 698 306 0 414 523 267 0 93 523 66 0 54 523 222 0 18 587 701 0 259 880 180 0 60 880 187 0 53 784 210 0 30 698 283 0 197 698 217 0 263 698 178 0 62 698 90 0 30 784 210 0 30 880 325 0 275 698 480 0 720 587 90 0 30 698 212 0 28 784 526 0 434 587 60 0 60 587 187 0 53 698 330 0 630 784 420 0 60 587 1340
    }

    menuentry "EVERYTHING HAS CHANGED" {
	echo "TAYLOR SWIFT & ED SHEERAN"
	sleep 1
	play 640 277 2 466 3 0 1 466 4 415 3 0 1 415 2 370 1 0 1 370 3 0 1 370 2 277 7 0 1 277 2 466 3 0 1 466 4 415 1 0 1 415 1 0 1 415 4 370 2 0 1 370 3 277 6 415 2 466 5 0 1 466 4 415 3 0 1 415 1 0 1 415 2 493 4 466 2 415 4 370 8 0 4 233 2 415 2 369 1 0 1 369 8 349 4 369 6
    }

    menuentry "LAURA PAUSINI - GENTE" {
	echo "LAURA PAUSINI"
	sleep 1
	play 118000 494 750 0 250 494 750 0 250 494 250 554 250 622 250 659 250 622 62 659 188 554 250 494 250 0 250 494 750 0 250 494 250 0 250 494 126 0 124 494 126 0 124 370 188 0 62 415 188 0 62 370 376 0 124 370 750 554 188 0 62 494 750 0 250 494 750 0 250 494 250 554 250 622 250 659 250 622 250 554 250 494 250 0 250 659 126 740 124 659 250 622 250 0 250 554 250 0 62 622 126 554 124 494 438 370 250 415 250 466 250 494 250 466 250 415 250 370 250 0 250 494 750 0 250 494 750 0 250 494 250 554 250 622 250 659 250 622 62 659 188 554 250 494 250 0 250 494 750 0 250 494 250 0 250 494 126 0 124 494 126 0 124 370 188 0 62 415 188 0 62 370 376 0 124 370 750 554 188 0 62 494 750 0 250 494 750 0 250 494 250 554 250 622 250 659 250 622 250 554 250 494 250 0 250 659 124 740 126 659 250 622 250 0 250 554 250 0 62 622 126 554 124 494 438 370 250 415 250 466 250 494 250 466 250 415 250 370 250
    }

    menuentry "JARABE DE PALO - DEPENDE (tributo a Pau Donés)" {
		sleep 1
		echo "QUE EL BLANCO SEA BLANCO"
		play 45601 330 53 0 67 523 106 0 14 494 72 0 168 440 61 0 179 392 57 0 183 440 75 0 165 330 277
		echo "QUE EL NEGRO SEA NEGRO"
		play 45601 0 443 330 55 0 65 523 96 0 24 494 86 0 154 440 77 0 163 392 67 0 173 440 96 0 144 330 331
		echo "QUE UNO Y UNO SEAN DOS"
		play 45601 0 269 330 46 0 74 330 68 0 52 523 117 0 3 494 83 0 157 440 72 0 168 392 75 0 165 330 275
		echo "PORQUE EXACTOS SON LOS NUMEROS"
		play 45601 0 565 330 43 0 77 330 71 0 49 523 97 0 23 494 63 0 177 440 60 0 180 392 60 0 180 440 67 0 173 330 360
		play 45601 0 1320
		echo "DEPENDE"
		play 45601 330 68 0 52 349 120 330 628 0 2012
		echo "QUE AQUI ESTAMOS DE PRESTAO"
        play 45601 330 53 0 67 523 106 0 14 494 72 0 168 440 61 0 179 392 57 0 183 440 75 0 165 330 277
        echo "QUE EL CIELO ESTA NUBLAO"
        play 45601 0 443 330 55 0 65 523 96 0 24 494 86 0 154 440 77 0 163 392 67 0 173 440 96 0 144 330 331
        echo "QUE UNO NACE Y LUEGO MUERE"
        play 45601 0 269 330 46 0 74 330 68 0 52 523 117 0 3 494 83 0 157 440 72 0 168 392 75 0 165 330 275
        echo "Y ESTE CUENTEO SE HA ACABAO"
        play 45601 0 565 330 43 0 77 330 71 0 49 523 97 0 23 494 63 0 177 440 60 0 180 392 60 0 180 440 67 0 173 330 360
        play 45601 0 1320
        echo "DEPENDE"
        play 45601 330 68 0 52 349 120 330 628 0 2012
    }
    
    menuentry "MACACO - CON LA MANO LEVANTA FT. ESTOPA" {
    	play 110000 131 374 0 126 131 376 0 124 311 2000 0 500 98 374 0 126 104 376 0 124 104 376 0 124 311 2000 0 1000 131 376 0 124 131 374 0 126 311 2000 0 500 98 376 0 124 104 376 0 124 104 374 0 126 311 2000 0 1000 131 374 0 126 131 374 0 126 311 500 262 250 294 250 311 250 294 250 0 250 294 250 0 250 262 250 0 250 262 250 0 1250 208 250 0 250 208 250 0 126 208 248 0 126 208 250 0 126 208 248 233 252 0 124 262 250 0 250 262 500 0 1000 262 250 0 124 294 252 0 124 311 250 0 124 294 252 0 124 294 250 0 124 262 252 0 124 311 500 0 1000 262 250 0 126 262 250 0 124 262 250 0 126 262 248 0 126 262 250 0 126 262 248 0 126 233 250 0 126 196 248 0 1376 262 250 0 126 294 248 0 126 311 250 0 126 294 248 0 126 294 250 0 312 262 250 0 188 277 124 294 688 262 188 0 1000 208 250 0 124 208 252 0 124 233 250 0 124 262 500 0 1376 262 250 0 126 277 248 0 126 294 250 0 126 311 248 0 126 294 250 0 250 294 250 0 126 294 250 0 124 294 250 0 250 262 250 0 124 262 376 233 376 262 498 233 252 262 874 0 2500 156 250 175 250 196 250 175 250 0 250 175 250 0 250 156 250 0 250 156 500 0 1000 131 250 0 250 131 250 0 124 131 252 0 124 131 250 0 124 131 252 147 248 0 126 156 250 0 250 156 500 0 1000 156 250 0 126 175 248 0 126 196 250 0 126 175 248 0 126 175 250 0 126 156 248 0 126 196 500 0 1000 156 250 0 124 156 252 0 124 156 250 0 124 156 252 0 124 156 250 0 124 156 252 0 124 131 250 0 124 117 252 0 998 156 252 0 124 175 250 0 124 196 626 0 124 175 252 0 124 175 250 0 312 156 250 0 188 165 126 175 686 156 188 0 1000 131 250 0 126 131 248 0 126 147 250 0 126 156 500 0 1624 156 250 175 250 196 250 0 124 196 252 0 124 175 250 0 250 175 250 0 124 175 252 0 124 175 250 0 250 156 500 0 250 156 876 147 248 156 876 147 500 0 2000 262 250 294 248 311 252 294 250 0 248 294 252 0 248 262 250 0 252 311 2250 294 2000 262 1000 0 1000 311 250 294 500 262 250 294 500 262 500 0 1250 262 250 0 124 262 250 0 126 262 248 0 126 262 250 0 126 262 248 0 126 262 250 0 126 311 250 0 124 262 626 0 1000 262 248 294 252 311 250 294 248 0 252 294 250 0 248 262 252 0 250 311 2250 294 2000 262 1000 0 1000 311 250 294 500 262 250 294 500 262 500 0 1250 262 248 0 126 262 250 0 126 262 248 0 126 262 250 0 124 262 250 0 126 262 250 0 126 311 250 0 124 262 502 0 1122 262 250 294 252 311 248 294 502 0 250 294 250 0 250 262 250 0 250 262 250 0 1000 208 250 0 248 208 252 0 124 208 250 0 124 208 252 0 124 233 252 0 374 208 248 0 252 196 498 0 1002 262 248 0 126 294 250 0 126 311 248 0 126 294 250 0 126 294 248 0 126 262 250 0 126 311 500 0 998 262 252 0 124 262 250 0 124 262 252 0 124 262 250 0 124 262 252 0 124 262 250 0 124 233 252 0 124 196 250 0 1374 262 252 0 124 294 250 0 124 311 252 0 124 294 250 0 126 294 250 0 312 262 250 0 188 294 1000 0 250 208 250 0 126 208 248 0 126 208 248 0 126 208 250 0 126 233 750 0 126 208 248 0 126 196 250 0 1124 262 252 0 122 294 252 0 124 311 250 0 124 294 252 0 248 294 252 0 750 262 250 0 374 262 374 233 376 262 500 233 250 262 876 0 2500 156 250 175 250 196 250 175 250 0 250 175 250 0 250 156 250 0 250 156 500 0 1000 131 250 0 250 131 250 0 126 196 248 0 126 175 250 0 126 175 248 0 252 156 248 0 376 156 500 0 1000 156 250 0 124 175 252 196 248 175 250 0 252 175 248 0 126 156 250 0 250 196 500 0 1000 156 250 0 126 156 248 0 126 156 250 0 126 156 248 0 126 156 250 0 126 156 248 0 126 131 250 0 124 117 250 0 1002 156 248 0 126 156 500 196 500 0 124 175 250 0 126 175 250 0 124 175 502 0 124 156 812 0 438 131 250 0 124 131 252 0 124 131 250 0 126 131 250 0 124 147 250 0 126 156 498 0 252 156 498 0 1002 131 248 0 126 196 250 0 126 196 248 0 126 175 250 0 250 175 250 0 250 175 250 0 500 156 500 0 250 156 874 147 252 156 874 147 500
    }

    menuentry "REGRESO AL FUTURO" {
	sleep 1
	play 156900 415 94 415 906 0 62 1047 94 1109 94 1109 838 0 100 277 2094 392 2094 0 30 466 250 466 282 554 1000 415 312 466 250 415 126 415 592 349 126 349 562 277 126 277 594 392 124 392 1438 415 156 415 124 466 250 415 1064 311 1062 415 1030 622 1064 622 2124 587 1564 523 250 587 280 622 3844 0 438 311 530 415 470 311 30 311 532 415 532 554 500 466 30 466 532 622 532 831 468 554 906 0 126 1397 62 1480 94 1480 936 370 2094 523 1938 0 188 622 250 622 280 740 1064 554 250 622 250 554 156 554 562 466 94 466 594 370 156 370 562 523 126 523 1468 554 126 554 124 622 250 554 1062 415 1062 554 1064 831 1030 831 2126 784 1594 698 250 784 250 831 4280 156 250 175 282 185 250 208 282 233 250 262 280 277 250 311 250 349 282 370 250 415 280 466 250 523 282 554 250 622 282 698 250 740 1562 698 250 622 250 0 32 698 718 622 688 554 718 622 3156 831 1062 740 1594 698 250 622 282 698 688 622 718 554 688 622 1532 831 280 831 220 784 562 466 1062 523 532 277 1406 262 344 233 342 262 720 208 688 311 718 311 1406 277 312 247 376 277 718 185 688 370 718 0 32 740 1562 659 282 622 218 622 1938 0 188 740 686 659 720 622 688 622 718 659 688 740 718 370 32 370 218 311 62 311 220 349 30 349 220 370 62 370 188 415 62 415 218 349 32 349 218 370 64 370 218 415 32 415 218 466 62 466 220 370 30 370 220 415 62 415 218 466 32 466 218 523 64 523 218 415 32 415 218 466 32 466 218 523 62 523 220 554 30 554 220 466 30 466 250 523 32 523 218 554 62 554 220 622 30 622 220 523 30 523 220 554 62 554 218 622 220 698 94 698 218 554 32 554 218 622 62 622 220 698 30 698 220 740 62 740 218 622 32 622 218 698 32 698 218 740 62 740 210 0 40 415 94 415 906 0 62 1047 96 1109 92 1109 840 0 98 277 2096 392 2092 0 30 466 250 466 284 554 1000 415 312 466 250 415 126 415 590 349 126 349 562 277 126 277 596 392 122 392 1438 415 158 415 124 466 250 415 1064 311 1062 415 1030 622 1062 622 2126 587 1564 523 250 587 278 622 3844 0 438 311 530 415 470 311 30 311 532 415 534 554 498 466 30 466 532 622 532 831 468 554 908 0 126 1397 62 1480 92 1480 936 370 2094 523 1938 0 188 622 250 622 280 740 1066 554 250 622 250 554 154 554 562 466 94 466 594 370 156 370 562 523 126 523 1470 554 126 554 124 622 250 554 1060 415 1062 554 1064 831 1032 831 2126 784 1592 698 250 784 250 831 4282 156 250 175 280 185 250 208 282 233 250 262 280 277 250 311 250 349 284 370 250 415 278 466 250 523 284 554 250 622 280 698 250 740 1562 698 250 622 252 0 30 698 720 622 688 554 716 622 3156 831 1062 740 1596 698 248 622 282 698 688 622 718 554 688 622 1532 831 280 831 220 784 564 466 1062 523 530 277 1406 262 344 233 342 262 722 208 688 311 716 311 1406 277 312 247 378 277 718 185 688 370 716 0 34 740 1562 659 280 622 218 622 1938 0 188 740 686 659 722 622 688 622 716 659 688 740 718 370 32 370 218 311 62 311 220 349 30 349 220 370 62 370 188 415 62 415 218 349 32 349 218 370 66 370 216 415 32 415 218 466 62 466 220 370 30 370 220 415 62 415 218 466 32 466 218 523 64 523 218 415 32 415 218 466 32 466 218 523 62 523 220 554 30 554 220 466 30 466 250 523 32 523 218 554 62 554 220 622 30 622 220 523 30 523 222 554 60 554 218 622 222 698 92 698 218 554 32 554 218 622 62 622 220 698 30 698 220 740 62 740 218 622 32 622 218 698 32 698 218 740 62 740 210
    }

    menuentry "WINDOWS XP BOOT SOUND" {
	echo "WINDOWS XP BOOT SOUND"
	sleep 1
	play 150000 1245 500 0 250 622 250 932 750 0 266 831 1110 0 250 1245 624 0 126 932 2500
    }

    menuentry "THE CHEEKI BREEKI SONG ))))))))))))))))))))))))" {
        #background_color "#654321"
        echo "THE CHEEKI BREEKI SONG ))))))))))))))))))))))))"
        sleep 1
        play 165000 294 2000 311 1000 349 1000 0 500 311 1000 0 1000 370 1000 0 1000 370 1000 370 500 370 500 370 1000 370 500 370 500 370 1000 370 500 370 500 370 500 370 1000 0 500 370 1000 370 500 370 500 370 1000 370 500 370 500 370 1000 370 500 370 500 370 1500 131 500 0 250 131 500 0 250 131 500 156 500 0 500 147 500 0 500 131 500 0 250 131 500 0 250 131 500 156 500 147 500 104 500 117 500 131 500 0 250 131 500 0 250 131 500 156 500 0 500 147 500 0 500 131 500 0 250 131 250 0 250 131 250 131 250 0 250 185 500 156 500 104 500 117 250 117 250 131 500 0 250 131 500 0 250 131 500 156 500 0 500 147 500 0 500 131 500 0 250 131 500 0 250 131 500 156 500 147 500 104 500 117 500 131 500 0 250 131 500 0 250 131 500 156 500 0 500 147 500 0 500 131 500 0 250 131 250 0 250 131 250 131 250 0 250 185 500 156 500 104 500 117 250 117 250 277 500 311 500 277 500 0 1500 311 1000 277 500 311 500 277 500 0 1500 330 1000 311 500 330 500 311 500 0 1500 370 1000 330 500 370 500 330 500 0 1500 370 1000 330 500 370 500 330 500 0 1500 370 1000 330 500 370 500 330 500 311 500 277 1000 262 500 0 500 277 500 311 500 277 500 0 1500 330 1000 311 500 330 500 311 500 277 500 262 500 0 500 208 1000 277 500 208 500 330 500 311 500 277 500 208 500 330 500 311 500 277 500 208 500 0 2000 330 500 311 500 277 500 208 500 208 500 208 500 247 500 247 500 247 500 233 500 220 2500 0 500 370 500 330 500 311 500 220 500 370 500 330 500 311 500 220 500 370 500 330 500 311 500 220 500 0 2000 370 500 330 500 311 500 311 500 330 500 370 500 415 500 370 500 330 500 311 500 277 2000
    }

    menuentry "HAHAHAHA RONALDINHO SOCSER" {
    	background_color "#fafa00"
    	sleep 1
    	play 151001 370 126 349 124 415 250 311 250 277 250 185 250 247 750 415 250 622 250 494 250 740 500 554 250 622 250 740 250 988 250 988 250 932 250 932 250 932 250 831 750 494 250 740 250 587 250 880 500 659 250 740 250 880 250 1175 250 1175 250 1109 250 1109 250 1109 250 988 750 587 250 880 250 698 250 1047 500 784 250 880 250 1047 250 1397 250 1397 250 1319 250 1319 250 1319 250 1175 750 831 500 831 250 831 250 831 250 831 250 831 250 831 250 0 250 740 250 784 250 831 250 0 250 554 250 622 250 740 500 740 250 698 250 698 250 622 250 554 250 0 250 622 750 330 28 740 26 1568 28 932 28 466 26 1661 28 1319 28 1047 26 1397 28 1976 28 208 26 2217 28 1245 28 831 26 932 28 784 28 1976 26 740 28 165 28 1109 28 698 26 2637 28 1760 28 1319 26 988 28 1480 28 1397 26 1568 28 587 28 1175 26 698 28 2489 28 1480 26 1047 28 880 28 587 26 1865 28 1661 28 1319 26 1760 28 1568 28 1976 28 1175 26 1480 28 1109 28 1397 26 932 28 1480 28 1109 26 2489 28 1245 28 1175 26 277 28 740 28 1245 26 784 28 1397 28 880 26 698 28 1047 54 932 82 1175 28 784 28 1109 26 1319 28 880 54 1319 28 1047 28 1175 26 1397 28 1245 28 587 26 932 28 233 28 1109 54 2960 28 1480 28 880 26 1175 56 622 26 988 28 1319 28 1175 26 831 28 784 28 622 10 311 44 554 28 831 26 880 56 784 26 1480 28 622 28 880 14 311 12 1245 28 370 28 1319 28 831 26 932 28 880 28 1397 54 1480 18 247 10 1175 26 233 28 1397 28 932 26 2093 28 880 54 988 28 2637 28 1109 26 554 28 698 28 523 54 494 28 1661 26 1480 28 349 54 2349 28 1480 28 2489 26 1976 28 2960 28 1319 54 1397 28 2093 26 3136 28 1109 28 1760 28 65 26 622 28 1661 28 1397 26 659 28 1319 28 330 54 311 82 1480 28 2349 26 1109 28 466 28 1568 26 1661 28 2960 28 2489 26 1760 28 1175 28 2093 26 1047 56 988 26 880 28 1245 28 523 28 2217 26 1109 56 831 26 2489 28 988 28 330 26 932 28 415 82 330 28 2217 26 1047 28 1661 28 1760 26 2637 28 988 28 2217 26 330 28 1568 28 2794 26 622 28 1760 28 2093 54 1480 28 587 26 1109 28 932 28 1245 28 1397 54 1760 28 2960 82 1245 26 1976 28 3136 28 698 26 466 28 1175 28 1047 26 117 28 1760 54 2489 28 1109 28 1319 26 831 28 1245 28 988 26 932 28 587 28 698 82 1109 26 0 84 1109 54 1661 28 2794 26 2217 28 1865 28 1976 26 3136 28 2637 28 1319 26 659 28 1397 28 988 26 698 28 1568 28 1661 26 2489 28 1047 28 1568 26 932 28 1865 54 1397 28 311 28 1109 24 277 4 1319 54 740 28 2349 82 740 26 831 28 2349 28 1976 26 2093 28 932 28 1760 26 698 28 1047 28 1109 26 659 56 554 4 1109 22 1175 28 1661 28 1865 26 1397 56 1319 26 523 56 1760 8 1245 18 2217 56 1865 26 698 28 2489 28 1109 26 1976 56 1480 12 1245 16 622 26 1397 28 1319 54 659 28 523 28 440 26 1480 44 1245 500
    	background_color "#000000"
    }

    menuentry "SPACE GULAG SONG" {
	sleep 1
	play 92000 349 250 0 2 311 124 392 124 466 188 0 62 349 1000 0 250 311 250 0 250 349 250 466 250 440 250 392 250 349 250 440 250 466 250 523 250 392 250 0 250 311 250 0 250 349 250 523 250 466 250 440 250 392 250 440 250 466 250 523 250 587 250 0 250 622 874 0 126 587 188 0 62 523 188 0 62 466 188 0 62 523 188 0 62 392 188 0 62 196 188 0 62 392 188 0 124 392 188 0 250 523 188 0 62 698 188 0 312 622 874 0 126 587 188 0 62 466 188 0 62 440 188 0 62 466 188 0 62 392 188 0 62 262 188 0 62 392 188 0 124 392 188 0 250 466 188 0 62 784 188 0 312 622 876 0 124 587 188 0 62 523 188 0 62 466 188 0 62 523 188 0 62 392 188 0 62 196 188 0 62 392 188 0 124 392 188 0 250 466 188 0 62 698 188 0 312 587 874 0 126 523 188 0 62 440 188 0 62 392 188 0 62 440 188 0 62 349 188 0 62 233 188 0 62 349 188 0 124 349 188 0 250 440 188 0 62 698 188 0 312 587 874 0 126 523 188 0 62 466 188 0 62 440 188 0 62 466 188 0 62 349 188 0 62 175 188 0 62 349 188 0 124 349 188 0 250 440 188 0 62 698 188 0 312 622 874 0 126 587 188 0 62 523 188 0 62 466 188 0 62 523 188 0 62 392 188 0 62 196 188 0 62 392 188 0 124 392 188 0 250 466 188 0 62 698 188 0 312 698 874 0 126 622 188 0 62 587 188 0 62 523 188 0 62 587 188 0 62 440 188 0 62 262 188 0 62 440 188 0 124 440 188 0 250 523 188 0 62 784 188 0 312 622 874 0 126 587 188 0 62 523 188 0 62 466 188 0 62 523 188 0 62 392 188 0 62 196 188 0 62 392 188 0 124 392 188 0 250 466 188 0 62 698 188 0 312 587 874 0 126 523 188 0 62 440 188 0 62 392 188 0 62 440 188 0 62 349 188 0 62 233 188 0 62 349 188 0 124 349 188 0 250 440 188 0 62 698 188 0 312 587 874 0 126 523 188 0 62 466 188 0 62 440 188 0 62 466 188 0 62 349 188 0 62 175 188 0 62 349 188 0 124 349 188 0 250 440 188 0 62 698 188 0 312 622 874 0 126 587 188 0 62 523 188 0 62 466 188 0 62 523 188 0 62 392 188 0 62 196 188 0 62 392 188 0 124 392 188 0 250 466 188 0 62 698 188 0 312 698 876 0 124 622 188 0 62 587 188 0 62 523 188 0 62 587 188 0 62 440 188 0 62 262 188 0 62 440 188 0 124 440 188 0 250 523 188 0 62 784 188 0 312 622 876 0 124 587 188 0 62 523 188 0 62 466 188 0 62 523 188 0 62 392 188 0 62 196 188 0 62 392 188 0 124 392 188 0 250 466 188 0 62 698 188 0 348 698 2964 622 334 587 332 622 334 587 500 523 1000 440 500 466 500 349 1500 440 500 523 500 698 3000 622 334 587 332 622 334 587 500 523 1000 440 500 466 500 587 1500 622 250 587 250 523 1334 0 166 622 334 587 332 622 334 698 500 587 1000 440 500 466 500 349 1500 466 500 587 500 698 1000 622 334 587 332 622 334 587 500 523 1000 440 500 466 500 349 2000 294 250 349 250 0 36 698 2964 622 334 587 332 622 334 587 500 523 1000 440 500 466 500 349 1500 440 500 523 500 698 3000 622 334 587 332 622 334 587 500 523 1000 440 500 466 500 587 1500 622 250 587 250 523 1334 0 166 622 334 587 332 622 334 698 500 587 1000 440 500 466 500 349 1500 466 500 587 500 698 1000 622 334 587 332 622 334 587 500 523 1000 440 500 466 500 349 2000 294 250 349 250
    }

    #background_color "#000000"
}
